[1,["02sEEL92tJnbjtJZiQ98cQ@6c48a","c2ueQpF5lC4Yhk/sXeWMvp","6bpk5ArxZJdp5te+BUiv18@1f586","6bpk5ArxZJdp5te+BUiv18@cac3d","6bpk5ArxZJdp5te+BUiv18@cf5ee","6bpk5ArxZJdp5te+BUiv18@ee374","6bpk5ArxZJdp5te+BUiv18@1a3f1","6bpk5ArxZJdp5te+BUiv18@989ed","6bpk5ArxZJdp5te+BUiv18@8e9e2","6bpk5ArxZJdp5te+BUiv18@79e35","6bpk5ArxZJdp5te+BUiv18@d2d2a","6bpk5ArxZJdp5te+BUiv18@f39c0","6bpk5ArxZJdp5te+BUiv18@963f8","6bpk5ArxZJdp5te+BUiv18@f07f6","6bpk5ArxZJdp5te+BUiv18@a04af","6bpk5ArxZJdp5te+BUiv18@438fe","a7YStUNeNCOKGpSntUY1g5"],["_parent","root","ndSocketWeapon","fighterModel","model","ndSocketCrown","node","data","_mesh","_skeleton","_defaultClip","mainTexture","shadeMap1","shadeMap2","_effectAsset"],[["cc.Node",["_name","_prefab","_parent","_euler","_children","_lpos","_lrot","_lscale","_components"],2,4,1,5,2,5,5,5,9],["cc.Node",["_name","_parent","_children","_prefab","_lpos","_euler","_lrot"],2,1,9,4,5,5,5],["cc.Node",["_name","_parent","_components","_prefab","_children","_lscale","_lrot","_euler"],2,1,2,4,2,5,5,5],["cc.Skeleton",["_name","_hash","_joints","_bindposes"],0,12],["cc.Mesh",["_native","_hash","_struct"],1,11],["cc.Prefab",["_name"],2],["cc.Node",["_name","_children","_prefab","_lpos","_lrot","_euler"],2,12,4,5,5,5],["b2fbborwrBDgI638NJyrejc",["node","__prefab","ndSocketCrown","model","fighterModel","ndSocketWeapon"],3,1,4,1,1,1,1],["cc.CompPrefabInfo",["fileId"],2],["cc.PrefabInfo",["fileId","instance","targetOverrides","nestedPrefabInstanceRoots","root","asset"],-1,1,1],["cc.SkinnedMeshRenderer",["_shadowCastingMode","_shadowReceivingMode","node","__prefab","_materials","bakeSettings","_skinningRoot"],1,1,4,3,4,1],["cc.ModelBakeSettings",[],3],["cc.SkeletalAnimation",["_useBakedAnimation","node","__prefab","_clips","_sockets"],2,1,4,3,9],["cc.SkeletalAnimation.Socket",["path","target"],2,1],["2a13cx4bHtFXqrrQXCxPbSy",["node","__prefab","ani"],3,1,4,1],["cc.Material",["_name","_states","_defines","_props"],0,12]],[[9,0,1,2,3,4,5,5],[0,0,2,4,1,5,6,3,2],[0,0,2,1,5,6,3,2],[1,0,1,2,3,4,6,5,2],[8,0,2],[0,0,4,1,5,6,3,2],[0,0,2,1,5,3,2],[0,0,2,1,5,2],[1,0,1,2,3,4,2],[13,0,1,2],[3,0,1,2,3,4],[4,0,1,2,3],[5,0,2],[0,0,4,8,1,2],[0,0,2,4,1,2],[0,0,2,4,1,6,3,2],[0,0,2,4,1,5,6,7,3,2],[0,0,2,1,7,2],[0,0,2,1,6,7,3,2],[2,0,1,4,2,3,5,2],[2,0,1,2,3,6,7,2],[6,0,1,2,3,4,5,2],[1,0,1,2,3,4,5,2],[7,0,1,2,3,4,5,1],[10,0,1,2,3,4,5,6,3],[11,1],[12,0,1,2,3,4,2],[14,0,1,2,1],[15,0,1,2,3,4]],[[[[10,"Skin-0",4239587070,["RootNode/Bip001/Bip001 Pelvis/Bip001 Spine","RootNode/Bip001/Bip001 Pelvis/Bip001 Spine/Bip001 Spine1","RootNode/Bip001/Bip001 Pelvis/Bip001 Spine/Bip001 Spine1/Bip001 Neck","RootNode/Bip001/Bip001 Pelvis/Bip001 Spine/Bip001 Spine1/Bip001 Neck/Bip001 Head","RootNode/Bip001/Bip001 Pelvis/Bip001 Spine/Bip001 Spine1/Bip001 Neck/Bip001 L Clavicle/Bip001 L UpperArm","RootNode/Bip001/Bip001 Pelvis/Bip001 Spine/Bip001 Spine1/Bip001 Neck/Bip001 L Clavicle","RootNode/Bip001/Bip001 Pelvis/Bip001 Spine/Bip001 Spine1/Bip001 Neck/Bip001 Head/Bone007","RootNode/Bip001/Bip001 Pelvis/Bip001 Spine/Bip001 Spine1/Bip001 Neck/Bip001 Head/Bone007/Bone008/Bone009","RootNode/Bip001/Bip001 Pelvis/Bip001 Spine/Bip001 Spine1/Bip001 Neck/Bip001 Head/Bone007/Bone008/Bone009/Bone010","RootNode/Bip001/Bip001 Pelvis/Bip001 Spine/Bip001 Spine1/Bip001 Neck/Bip001 Head/Bone007/Bone008/Bone009/Bone010/Bone011","RootNode/Bip001/Bip001 Pelvis/Bip001 Spine/Bip001 Spine1/Bip001 Neck/Bip001 Head/Bone007/Bone008","RootNode/Bip001/Bip001 Pelvis/Bip001 Spine/Bip001 Spine1/Bip001 Neck/Bip001 Head/Bone007/Bone008/Bone009/Bone010/Bone011/Bone012","RootNode/Bip001/Bip001 Pelvis","RootNode/Bip001/Bip001 Pelvis/Bip001 Spine/Bip001 Spine1/Bip001 Neck/Bip001 L Clavicle/Bip001 L UpperArm/Bip001 L Forearm","RootNode/Bip001/Bip001 Pelvis/Bip001 Spine/Bip001 Spine1/Bip001 Neck/Bip001 L Clavicle/Bip001 L UpperArm/Bip001 L Forearm/Bip001 L Hand","RootNode/Bip001/Bip001 Pelvis/Bip001 Spine/Bip001 L Thigh","RootNode/Bip001","RootNode/Bip001/Bip001 Pelvis/Bip001 Spine/Bip001 L Thigh/Bip001 L Calf","RootNode/Bip001/Bip001 Pelvis/Bip001 Spine/Bip001 L Thigh/Bip001 L Calf/Bip001 L Foot","RootNode/Bip001/Bip001 Pelvis/Bip001 Spine/Bip001 R Thigh/Bip001 R Calf/Bip001 R Foot","RootNode/Bip001/Bip001 Pelvis/Bip001 Spine/Bip001 L Thigh/Bip001 L Calf/Bip001 L Foot/Bip001 L Toe0","RootNode/Bip001/Bip001 Pelvis/Bip001 Spine/Bip001 L Thigh/Bip001 L Calf/Bip001 L Foot/Bip001 L Toe0/Bip001 L Toe01","RootNode/Bip001/Bip001 Pelvis/Bip001 Spine/Bip001 L Thigh/Bip001 L Calf/Bip001 L Foot/Bip001 L Toe0/Bip001 L Toe01/Bip001 L Toe02","RootNode/Bip001/Bip001 Pelvis/Bip001 Spine/Bip001 Spine1/Bip001 Neck/Bip001 L Clavicle/Bip001 L UpperArm/Bip001 L Forearm/Bip001 L Hand/Bip001 L Finger4/Bip001 L Finger41","RootNode/Bip001/Bip001 Pelvis/Bip001 Spine/Bip001 Spine1/Bip001 Neck/Bip001 L Clavicle/Bip001 L UpperArm/Bip001 L Forearm/Bip001 L Hand/Bip001 L Finger4","RootNode/Bip001/Bip001 Pelvis/Bip001 Spine/Bip001 Spine1/Bip001 Neck/Bip001 L Clavicle/Bip001 L UpperArm/Bip001 L Forearm/Bip001 L Hand/Bip001 L Finger3/Bip001 L Finger31","RootNode/Bip001/Bip001 Pelvis/Bip001 Spine/Bip001 Spine1/Bip001 Neck/Bip001 L Clavicle/Bip001 L UpperArm/Bip001 L Forearm/Bip001 L Hand/Bip001 L Finger3","RootNode/Bip001/Bip001 Pelvis/Bip001 Spine/Bip001 Spine1/Bip001 Neck/Bip001 L Clavicle/Bip001 L UpperArm/Bip001 L Forearm/Bip001 L Hand/Bip001 L Finger2/Bip001 L Finger21","RootNode/Bip001/Bip001 Pelvis/Bip001 Spine/Bip001 Spine1/Bip001 Neck/Bip001 L Clavicle/Bip001 L UpperArm/Bip001 L Forearm/Bip001 L Hand/Bip001 L Finger2","RootNode/Bip001/Bip001 Pelvis/Bip001 Spine/Bip001 Spine1/Bip001 Neck/Bip001 L Clavicle/Bip001 L UpperArm/Bip001 L Forearm/Bip001 L Hand/Bip001 L Finger1","RootNode/Bip001/Bip001 Pelvis/Bip001 Spine/Bip001 Spine1/Bip001 Neck/Bip001 L Clavicle/Bip001 L UpperArm/Bip001 L Forearm/Bip001 L Hand/Bip001 L Finger1/Bip001 L Finger11","RootNode/Bip001/Bip001 Pelvis/Bip001 Spine/Bip001 Spine1/Bip001 Neck/Bip001 L Clavicle/Bip001 L UpperArm/Bip001 L Forearm/Bip001 L Hand/Bip001 L Finger0","RootNode/Bip001/Bip001 Pelvis/Bip001 Spine/Bip001 Spine1/Bip001 Neck/Bip001 L Clavicle/Bip001 L UpperArm/Bip001 L Forearm/Bip001 L Hand/Bip001 L Finger0/Bip001 L Finger01","RootNode/Bip001/Bip001 Pelvis/Bip001 Spine/Bip001 R Thigh","RootNode/Bip001/Bip001 Pelvis/Bip001 Spine/Bip001 Spine1/Bip001 Neck/Bip001 R Clavicle/Bip001 R UpperArm","RootNode/Bip001/Bip001 Pelvis/Bip001 Spine/Bip001 Spine1/Bip001 Neck/Bip001 R Clavicle","RootNode/Bip001/Bip001 Pelvis/Bip001 Spine/Bip001 Spine1/Bip001 Neck/Bip001 Head/Bone001","RootNode/Bip001/Bip001 Pelvis/Bip001 Spine/Bip001 Spine1/Bip001 Neck/Bip001 Head/Bone001/Bone002/Bone003","RootNode/Bip001/Bip001 Pelvis/Bip001 Spine/Bip001 Spine1/Bip001 Neck/Bip001 Head/Bone001/Bone002/Bone003/Bone004","RootNode/Bip001/Bip001 Pelvis/Bip001 Spine/Bip001 Spine1/Bip001 Neck/Bip001 Head/Bone001/Bone002/Bone003/Bone004/Bone005","RootNode/Bip001/Bip001 Pelvis/Bip001 Spine/Bip001 Spine1/Bip001 Neck/Bip001 Head/Bone001/Bone002","RootNode/Bip001/Bip001 Pelvis/Bip001 Spine/Bip001 Spine1/Bip001 Neck/Bip001 Head/Bone001/Bone002/Bone003/Bone004/Bone005/Bone006","RootNode/Bip001/Bip001 Pelvis/Bip001 Spine/Bip001 Spine1/Bip001 Neck/Bip001 R Clavicle/Bip001 R UpperArm/Bip001 R Forearm","RootNode/Bip001/Bip001 Pelvis/Bip001 Spine/Bip001 Spine1/Bip001 Neck/Bip001 R Clavicle/Bip001 R UpperArm/Bip001 R Forearm/Bip001 R Hand","RootNode/Bip001/Bip001 Pelvis/Bip001 Spine/Bip001 R Thigh/Bip001 R Calf","RootNode/Bip001/Bip001 Pelvis/Bip001 Spine/Bip001 R Thigh/Bip001 R Calf/Bip001 R Foot/Bip001 R Toe0","RootNode/Bip001/Bip001 Pelvis/Bip001 Spine/Bip001 R Thigh/Bip001 R Calf/Bip001 R Foot/Bip001 R Toe0/Bip001 R Toe01","RootNode/Bip001/Bip001 Pelvis/Bip001 Spine/Bip001 R Thigh/Bip001 R Calf/Bip001 R Foot/Bip001 R Toe0/Bip001 R Toe01/Bip001 R Toe02","RootNode/Bip001/Bip001 Pelvis/Bip001 Spine/Bip001 Spine1/Bip001 Neck/Bip001 R Clavicle/Bip001 R UpperArm/Bip001 R Forearm/Bip001 R Hand/Bip001 R Finger4/Bip001 R Finger41","RootNode/Bip001/Bip001 Pelvis/Bip001 Spine/Bip001 Spine1/Bip001 Neck/Bip001 R Clavicle/Bip001 R UpperArm/Bip001 R Forearm/Bip001 R Hand/Bip001 R Finger4","RootNode/Bip001/Bip001 Pelvis/Bip001 Spine/Bip001 Spine1/Bip001 Neck/Bip001 R Clavicle/Bip001 R UpperArm/Bip001 R Forearm/Bip001 R Hand/Bip001 R Finger3/Bip001 R Finger31","RootNode/Bip001/Bip001 Pelvis/Bip001 Spine/Bip001 Spine1/Bip001 Neck/Bip001 R Clavicle/Bip001 R UpperArm/Bip001 R Forearm/Bip001 R Hand/Bip001 R Finger3","RootNode/Bip001/Bip001 Pelvis/Bip001 Spine/Bip001 Spine1/Bip001 Neck/Bip001 R Clavicle/Bip001 R UpperArm/Bip001 R Forearm/Bip001 R Hand/Bip001 R Finger2/Bip001 R Finger21","RootNode/Bip001/Bip001 Pelvis/Bip001 Spine/Bip001 Spine1/Bip001 Neck/Bip001 R Clavicle/Bip001 R UpperArm/Bip001 R Forearm/Bip001 R Hand/Bip001 R Finger2","RootNode/Bip001/Bip001 Pelvis/Bip001 Spine/Bip001 Spine1/Bip001 Neck/Bip001 R Clavicle/Bip001 R UpperArm/Bip001 R Forearm/Bip001 R Hand/Bip001 R Finger1","RootNode/Bip001/Bip001 Pelvis/Bip001 Spine/Bip001 Spine1/Bip001 Neck/Bip001 R Clavicle/Bip001 R UpperArm/Bip001 R Forearm/Bip001 R Hand/Bip001 R Finger1/Bip001 R Finger11","RootNode/Bip001/Bip001 Pelvis/Bip001 Spine/Bip001 Spine1/Bip001 Neck/Bip001 R Clavicle/Bip001 R UpperArm/Bip001 R Forearm/Bip001 R Hand/Bip001 R Finger0","RootNode/Bip001/Bip001 Pelvis/Bip001 Spine/Bip001 Spine1/Bip001 Neck/Bip001 R Clavicle/Bip001 R UpperArm/Bip001 R Forearm/Bip001 R Hand/Bip001 R Finger0/Bip001 R Finger01"],[[[7,-1.2436634833079552e-8,-0.0000014027494898982695,1,0,0.009071611799299717,-0.999958872795105,-0.0000014025788459548494,0,0.9999587535858154,0.009071611799299717,2.516132013852257e-8,0,-0.24680055677890778,-0.004762426950037479,4.7671839809027006e-9,1],[7,-2.305900750343426e-7,-0.000001422225409442035,1,0,0.16820235550403595,-0.9857524633407593,-0.00000136317635224259,0,0.9857524633407593,0.16820235550403595,4.665264157210913e-7,0,-0.30834072828292847,-0.05449601635336876,-1.3317391278633295e-7,1],[7,7.812679569951797e-8,-0.0000014049211358724278,1,0,-0.05698934942483902,-0.9983748197555542,-0.0000013981854181110975,0,0.9983747601509094,-0.05698935315012932,-1.5806536168838647e-7,0,-0.3856796622276306,0.04276396334171295,1.1711080816212416e-7,1],[7,0.0000013430886838250444,-0.000001402693328600435,1,0,-1.7484555314695172e-7,-1,-0.0000014026931012267596,0,1,-1.748436773141293e-7,-0.0000013430890248855576,0,-0.41438063979148865,0.019179921597242355,6.082481149860541e-7,1],[7,0.9964496493339539,-0.052798107266426086,0.06557878851890564,0,0.05928520858287811,0.9930906295776367,-0.10127392411231995,0,-0.0597786121070385,0.10480223596096039,0.9926946759223938,0,-0.04716390371322632,-0.047791946679353714,-0.36963149905204773,1],[7,1,-0.0000013511908036889508,-1.8795476819377654e-7,0,0.0000013635202549266978,0.9856182932853699,0.16898730397224426,0,-4.308244427875252e-8,-0.16898730397224426,0.9856181740760803,0,-0.029831795021891594,0.04973741993308067,-0.36597907543182373,1],[7,0.6244727373123169,0.6949137449264526,-0.3565513491630554,0,0.6034748554229736,-0.7190932035446167,-0.3445624113082886,0,0.4958347678184509,-6.612560099483744e-8,0.8684170246124268,0,-0.4583253264427185,-0.010639404878020287,-0.5548205375671387,1],[7,0.15347883105278015,-0.7660444974899292,0.6241955161094666,0,-0.18290923535823822,-0.642787516117096,-0.7438873052597046,0,-0.9710760116577148,1.558325237738245e-7,0.23877085745334625,0,0.6977326273918152,0.24838414788246155,-0.16519726812839508,1],[7,0.2469048649072647,-0.3696032762527466,0.8957853317260742,0,-0.09821106493473053,-0.9291899800300598,-0.356315940618515,0,-0.9640501737594604,-1.0285997120718093e-7,0.26572051644325256,0,0.5820441246032715,0.2125549614429474,-0.2944032847881317,1],[7,0.403170645236969,0.5359992980957031,0.7417265772819519,0,0.25597575306892395,-0.844218373298645,0.4709264636039734,0,-0.8785954713821411,-2.966194188047666e-7,0.4775669276714325,0,0.3551051914691925,-0.0006105662905611098,-0.49217087030410767,1],[7,0.5432943105697632,0.6847249269485474,0.4857814311981201,0,0.5104365944862366,-0.7288020253181458,0.45640188455581665,0,-0.6665478944778442,-7.527369660920158e-8,0.7454625368118286,0,0.3510259985923767,-0.007756204344332218,-0.700023889541626,1],[7,0.403170645236969,0.5359995365142822,0.7417265772819519,0,0.2559760510921478,-0.844218373298645,0.4709266424179077,0,-0.8785955905914307,-4.260733419414464e-7,0.4775671362876892,0,0.2601081132888794,-0.0006106229266151786,-0.49217095971107483,1],[7,0.0000013867999086869531,0.0000027577068522077752,1,0,-1.7484555314695172e-7,-1,0.0000027577075343288016,0,1,-1.7484939007772482e-7,-0.00000138679956762644,0,-0.2010802924633026,0.003893580986186862,2.734585677899304e-7,1],[7,0.9964949488639832,0.051935825496912,0.06557878851890564,0,-0.04513237252831459,0.9938342571258545,-0.10127392411231995,0,-0.07043420523405075,0.0979592427611351,0.9926946759223938,0,-0.1430777609348297,-0.06313645094633102,-0.36963149905204773,1],[7,0.9809773564338684,-0.19261571764945984,-0.024137448519468307,0,0.04544994607567787,0.1070089042186737,0.9932186603546143,0,-0.18872664868831635,-0.9754219651222229,0.11372768878936768,0,-0.15956705808639526,0.3926796317100525,-0.051215555518865585,1],[7,0.16511127352714539,0.3068545460700989,-0.9373251795768738,0,-0.0798969641327858,-0.9430840611457825,-0.32281383872032166,0,-0.9830334782600403,0.12818963825702667,-0.13119706511497498,0,0.18933100998401642,-0.038177862763404846,0.07673642039299011,1],[7,0.000001370906943520822,1,-6.123234262925839e-17,0,-1,0.000001370906943520822,-1.7484555314695172e-7,0,-1.7484556735780643e-7,2.3975821870393654e-13,1,0,0.003893580986186862,1.1338095834837386e-16,-0.2010802924633026,1],[7,0.05232411250472069,0.34450483322143555,-0.9373251795768738,0,0.2418496459722519,-0.9150409698486328,-0.3228137791156769,0,-0.968902051448822,-0.20980079472064972,-0.13119708001613617,0,0.11977444589138031,0.0022235747892409563,0.07673642784357071,1],[7,4.371138828673793e-8,0.32717227935791016,-0.9449647068977356,0,1.7484555314695172e-7,-0.9449647068977356,-0.32717227935791016,0,-1,-1.50921735553311e-7,-9.851034121766133e-8,0,0.0602751299738884,-0.008804732002317905,0.06941433995962143,1],[7,4.371138828673793e-8,-0.3271696865558624,-0.9449655413627625,0,1.7484555314695172e-7,-0.9449655413627625,0.3271696865558624,0,-1,-1.7952407915799995e-7,1.5898406147130117e-8,0,0.060275137424468994,-0.008804738521575928,-0.06941435486078262,1],[7,0.32717227935791016,4.130571795712967e-8,-0.9449647068977356,0,-0.9449647068977356,-2.042557838421999e-7,-0.32717227935791016,0,-2.0652859689107572e-7,1,-2.7794380130785612e-8,0,-0.08396460115909576,-0.0018738728249445558,0.06941433995962143,1],[7,0.32717227935791016,4.130571795712967e-8,-0.9449647068977356,0,-0.9449647068977356,-2.042557838421999e-7,-0.32717227935791016,0,-2.0652859689107572e-7,1,-2.7794380130785612e-8,0,-0.09158215671777725,-0.0018738728249445558,0.06941433995962143,1],[7,0.32717227935791016,4.130571795712967e-8,-0.9449647068977356,0,-0.9449647068977356,-2.042557838421999e-7,-0.32717227935791016,0,-2.0652859689107572e-7,1,-2.7794380130785612e-8,0,-0.09919970482587814,-0.0018738728249445558,0.06941433995962143,1],[7,0.8451573252677917,-0.4588402807712555,-0.2741797864437103,0,0.27826863527297974,-0.06026260182261467,0.9586108922958374,0,-0.45637211203575134,-0.886472761631012,0.07674950361251831,0,-0.09513897448778152,0.4372369050979614,0.013004660606384277,1],[7,0.8971719145774841,-0.34627729654312134,-0.27417975664138794,0,0.2837095558643341,-0.023956043645739555,0.9586109519004822,0,-0.33851349353790283,-0.9378262758255005,0.07674950361251831,0,-0.13920633494853973,0.4213603734970093,0.013004652224481106,1],[7,0.8474268317222595,-0.5216357707977295,-0.09881088882684708,0,0.07361483573913574,-0.06886862218379974,0.9949060082435608,0,-0.5257835984230042,-0.8503838777542114,-0.01996098831295967,0,-0.06712043285369873,0.44867679476737976,0.009957224130630493,1],[7,0.9782494902610779,-0.18238498270511627,-0.09881088882684708,0,0.09344104677438736,-0.03782596439123154,0.9949060082435608,0,-0.18519356846809387,-0.9824990630149841,-0.01996099017560482,0,-0.2095453143119812,0.39461320638656616,0.009957222267985344,1],[7,0.8498222827911377,-0.516721785068512,0.10392580926418304,0,-0.04996216669678688,0.11731364578008652,0.9918373823165894,0,-0.5246959328651428,-0.8480777740478516,0.07387922704219818,0,-0.06776633113622665,0.44433867931365967,-0.06585521250963211,1],[7,0.9754827618598938,-0.19399207830429077,0.10392581671476364,0,-0.08715971559286118,0.09306932985782623,0.9918373823165894,0,-0.20208095014095306,-0.9765781164169312,0.07387924939393997,0,-0.19941501319408417,0.39416271448135376,-0.06585521996021271,1],[7,0.9462254643440247,-0.1925964504480362,0.25993067026138306,0,-0.2432307004928589,0.10621796548366547,0.9641351103782654,0,-0.21329835057258606,-0.9755122065544128,0.053660787642002106,0,-0.18827278912067413,0.39142218232154846,-0.0874939113855362,1],[7,0.8894332647323608,-0.37595823407173157,0.25993067026138306,0,-0.2174145132303238,0.15223129093647003,0.9641351103782654,0,-0.4020442068576813,-0.9140464067459106,0.053660787642002106,0,-0.11927176266908646,0.42337992787361145,-0.08749392628669739,1],[7,0.6862663626670837,0.3564721941947937,0.6340077519416809,0,-0.5658956170082092,0.8092905282974243,0.1575147658586502,0,-0.45694684982299805,-0.46687933802604675,0.7571150064468384,0,-0.014730645343661308,0.08174610882997513,-0.42143717408180237,1],[7,0.7206694483757019,0.28048115968704224,0.6340077519416809,0,-0.47543540596961975,0.8655346632003784,0.157514750957489,0,-0.5045758485794067,-0.4149458110332489,0.7571150064468384,0,-0.026539728045463562,0.08509976416826248,-0.42143717408180237,1],[7,-0.16511119902133942,-0.3068520128726959,-0.9373261332511902,0,-0.07989741116762161,-0.9430848956108093,0.3228113055229187,0,-0.9830334186553955,0.12818966805934906,0.13119721412658691,0,0.18933099508285522,-0.03817787766456604,-0.0767364501953125,1],[7,-0.9964497685432434,0.05279538407921791,0.06557851284742355,0,0.05928248167037964,0.993090808391571,0.10127410292625427,0,-0.059778615832328796,0.10480224341154099,-0.9926946759223938,0,-0.047163937240839005,-0.047791946679353714,0.36963149905204773,1],[7,-1,-0.0000013511908036889508,2.7537757318896183e-7,0,-0.0000013782936321149464,0.9856182932853699,-0.16898730397224426,0,-4.3083044687364236e-8,-0.16898730397224426,-0.9856181740760803,0,-0.02983183227479458,0.04973741993308067,0.36597907543182373,1],[7,-0.6244728565216064,-0.6949137449264526,0.35655131936073303,0,0.6034746766090393,-0.7190934419631958,-0.3445623815059662,0,0.49583467841148376,-1.4435676121138385e-7,0.8684170246124268,0,-0.45832526683807373,-0.010639278218150139,-0.5548205971717834,1],[7,-0.1534787267446518,0.7660449147224426,-0.6241950988769531,0,-0.1829093098640442,-0.6427870988845825,-0.743887722492218,0,-0.9710760116577148,1.5583263746066223e-7,0.23877085745334625,0,0.6977326273918152,0.24838413298130035,-0.16519708931446075,1],[7,-0.24690474569797516,0.36960363388061523,-0.8957852125167847,0,-0.0982111319899559,-0.9291898012161255,-0.35631629824638367,0,-0.96405029296875,-1.0285996410175358e-7,0.2657204270362854,0,0.5820441842079163,0.21255503594875336,-0.2944031059741974,1],[7,-0.403170645236969,-0.5359992384910583,-0.7417265772819519,0,0.2559756934642792,-0.8442184925079346,0.47092634439468384,0,-0.8785955905914307,-2.9661947564818547e-7,0.47756677865982056,0,0.3551052510738373,-0.0006104889907874167,-0.4921707510948181,1],[7,-0.5432944297790527,-0.6847249269485474,-0.48578155040740967,0,0.510436475276947,-0.7288023233413696,0.4564017057418823,0,-0.6665478944778442,-1.460543188613883e-7,0.7454624772071838,0,0.3510259985923767,-0.007756045088171959,-0.7000237703323364,1],[7,-0.40317070484161377,-0.5359994173049927,-0.7417265772819519,0,0.2559759318828583,-0.8442184329032898,0.4709264636039734,0,-0.8785955905914307,-4.2607337036315585e-7,0.47756704688072205,0,0.2601081430912018,-0.0006105215870775282,-0.49217090010643005,1],[7,-0.9964948296546936,-0.05193855240941048,0.06557850539684296,0,-0.04513511061668396,0.9938341975212097,0.10127409547567368,0,-0.07043420523405075,0.09795922785997391,-0.9926946759223938,0,-0.1430778056383133,-0.06313645094633102,0.36963149905204773,1],[7,-0.980977475643158,0.19261540472507477,-0.024134719744324684,0,0.045447248965501785,0.10700942575931549,-0.993218719959259,0,-0.18872661888599396,-0.9754219651222229,-0.11372768878936768,0,-0.15956707298755646,0.3926796317100525,0.05121556296944618,1],[7,-0.05232494696974754,-0.344502329826355,-0.937326192855835,0,0.24184946715831757,-0.9150419235229492,0.32281118631362915,0,-0.9689019322395325,-0.20980073511600494,0.1311972290277481,0,0.11977443099021912,0.0022235633805394173,-0.0767364501953125,1],[7,-0.3271696865558624,4.130575703698014e-8,-0.9449655413627625,0,-0.9449655413627625,-2.3285797112748696e-7,0.3271696865558624,0,-2.0652879584304173e-7,1,1.1521658649371602e-7,0,-0.08396462351083755,-0.0018738667713478208,-0.06941435486078262,1],[7,-0.3271696865558624,4.130575703698014e-8,-0.9449655413627625,0,-0.9449655413627625,-2.3285797112748696e-7,0.3271696865558624,0,-2.0652879584304173e-7,1,1.1521658649371602e-7,0,-0.09158217161893845,-0.0018738667713478208,-0.06941436231136322,1],[7,-0.3271696865558624,4.130575703698014e-8,-0.9449655413627625,0,-0.9449655413627625,-2.3285797112748696e-7,0.3271696865558624,0,-2.0652879584304173e-7,1,1.1521658649371602e-7,0,-0.09919971972703934,-0.0018738667713478208,-0.06941435486078262,1],[7,-0.845158040523529,0.4588404595851898,-0.2741771638393402,0,0.2782663404941559,-0.060261357575654984,-0.9586117267608643,0,-0.4563721716403961,-0.886472761631012,-0.07674949616193771,0,-0.09513898938894272,0.4372369050979614,-0.0130046671256423,1],[7,-0.8971726894378662,0.3462773859500885,-0.2741771340370178,0,0.2837071418762207,-0.02395511418581009,-0.9586117267608643,0,-0.3385135233402252,-0.9378262758255005,-0.07674949616193771,0,-0.13920634984970093,0.42136043310165405,-0.013004661537706852,1],[7,-0.8474269509315491,0.5216359496116638,-0.0988081619143486,0,0.0736125037074089,-0.06886718422174454,-0.9949061870574951,0,-0.5257835984230042,-0.8503838777542114,0.01996098831295967,0,-0.06712046265602112,0.44867679476737976,-0.009957225061953068,1],[7,-0.978249728679657,0.18238505721092224,-0.09880813211202621,0,0.09343833476305008,-0.037825457751750946,-0.9949061870574951,0,-0.18519353866577148,-0.9824990630149841,0.01996099017560482,0,-0.2095453441143036,0.39461320638656616,-0.009957220405340195,1],[7,-0.8498222231864929,0.5167214274406433,0.10392854362726212,0,-0.049964502453804016,0.11731506884098053,-0.9918371438980103,0,-0.5246959328651428,-0.8480777740478516,-0.07387924194335938,0,-0.06776636093854904,0.44433870911598206,0.06585521996021271,1],[7,-0.9754825234413147,0.19399181008338928,0.10392854362726212,0,-0.08716239035129547,0.09306986629962921,-0.9918371438980103,0,-0.20208090543746948,-0.9765781164169312,-0.07387924939393997,0,-0.19941502809524536,0.39416271448135376,0.0658552274107933,1],[7,-0.9462248086929321,0.19259615242481232,0.2599332630634308,0,-0.24323323369026184,0.10621848702430725,-0.9641343951225281,0,-0.21329832077026367,-0.9755122065544128,-0.053660787642002106,0,-0.18827278912067413,0.39142218232154846,0.0874939113855362,1],[7,-0.8894326090812683,0.37595781683921814,0.2599332928657532,0,-0.217416912317276,0.15223227441310883,-0.9641343951225281,0,-0.4020441770553589,-0.9140464067459106,-0.053660787642002106,0,-0.11927177757024765,0.42337992787361145,0.0874939113855362,1],[7,-0.6862649321556091,-0.356474369764328,0.6340081691741943,0,-0.5658974051475525,0.8092895150184631,-0.15751302242279053,0,-0.4569469094276428,-0.46687933802604675,-0.7571149468421936,0,-0.014730660244822502,0.08174610137939453,0.42143717408180237,1],[7,-0.7206681370735168,-0.2804834544658661,0.6340081691741943,0,-0.47543734312057495,0.8655338883399963,-0.15751302242279053,0,-0.5045759081840515,-0.4149458110332489,-0.7571149468421936,0,-0.026539737358689308,0.08509976416826248,0.42143714427948,1]],8,8,8,8,8,8,8,8,8,8,8,8,8,8,8,8,8,8,8,8,8,8,8,8,8,8,8,8,8,8,8,8,8,8,8,8,8,8,8,8,8,8,8,8,8,8,8,8,8,8,8,8,8,8,8,8,8,8]]],0,0,[],[],[]],[[[11,".bin",910862637,[{"primitives":[{"primitiveMode":7,"jointMapIndex":0,"vertexBundelIndices":[0],"indexView":{"offset":327448,"length":34980,"count":17490,"stride":2}}],"vertexBundles":[{"view":{"offset":0,"length":327448,"count":3721,"stride":88},"attributes":[{"name":"a_position","format":32,"isNormalized":false},{"name":"a_normal","format":32,"isNormalized":false},{"name":"a_texCoord","format":21,"isNormalized":false},{"name":"a_tangent","format":44,"isNormalized":false},{"name":"a_joints","format":42,"isNormalized":false},{"name":"a_weights","format":44,"isNormalized":false},{"name":"a_color","format":44,"isNormalized":false}]}],"jointMaps":[[0,1,2,3,4,5,6,7,8,9,10,12,13,14,15,17,18,19,23,24,25,26,27,28,29,30,31,32,33,34,35,36,37,38,39,40,42,43,44,48,49,50,51,52,53,54,55,56,57]]},"minPosition",8,[1,-0.3086225390434265,-0.10781547427177429,-0.00014783584629185498],"maxPosition",8,[1,0.3086225390434265,0.2193092256784439,0.764716386795044]]],-1],0,0,[],[],[]],[[[12,"girl"],[13,"girl",[-7],[[23,-6,[4,"adjwBWg69DkYITdGfmdqYA"],-5,-4,-3,-2]],[0,"367PuXH5RLmJ9pb3FkhBEU",null,null,null,-1,0]],[19,"body",1,[-10,-11,-12],[-8,-9],[0,"9491w1GXtGUZZbj21eSjPb",null,null,null,1,0],[1,5,5,5]],[21,"Bip001 R Hand",[[-13,-14,-15,-16,-17,[2,"Dummy002",-18,[0,"8b0khMhtxCXLOKXvG+xa+B",null,null,null,1,0],[1,0.0345000624656677,0.0186866763979197,0.0152111453935504],[3,0.5638265033965583,0.4123498216195137,0.4853908735083176,0.5257974881955965],[1,119.05475757439287,-31.07334474972206,77.27073360819213]]],1,1,1,1,1,4],[0,"9fm00tOgpCNoec1xZDfqE3",null,null,null,1,0],[1,0.061050396412611,2.38418573772492e-9,1.90734859017994e-8],[3,0.7030753619973373,-0.01793442140047279,0.07271941882251222,0.7071600087727383],[1,89.95437846914551,-7.354368308688092,4.4523527049977645]],[5,"Bip001 L Hand",[-19,-20,-21,-22,-23],[0,"9dob9c94BJmIjmBFHKDBJq",null,null,null,1,0],[1,0.0610503852367401,9.53674295089968e-9,1.90734859017994e-8],[3,-0.7144342725158358,0.11160674046518505,-0.04623899650436675,0.689194864272634],[1,-91.47602287395064,5.165893171861213,-12.89744914973529]],[14,"RootNode",2,[-24,-25,-26],[0,"7fRb6QFPJPWZosVUtR8ACz",null,null,null,1,0]],[5,"Bip001 Spine",[-27,-28,-29],[0,"86YJbFvmJJEZ/uWYyPLxbm",null,null,null,1,0],[1,0.0457569509744644,0.00640488136559725,0.000260389875620604],[3,0.0002465558072309477,0.0002216730798414944,0.020841155273933678,0.9997827445591004],[1,0.02774177267802784,0.024829085593348434,2.3883995343150843]],[5,"Bip001 Neck",[-30,-31,-32],[0,"d7AvwiZRZIEKoPKPUe3P/2",null,null,null,1,0],[1,0.0771120637655258,-0.00973913073539734,-8.34465030408182e-9],[3,4.3409130424840775e-9,-2.6530734010550714e-7,0.09614656297873263,0.9953671877389301],[1,0.0000034825602335523218,-0.00003087987860079882,11.034630272376498]],[1,"Bip001 Head",7,[-33,-34],[0,"20X8ktAvJCPYpsKRZTqhWK",null,null,null,1,0],[1,0.0269345082342625,-4.76837147544984e-9,1.11022299980974e-18],[3,0.1048684124756508,0.02190717878071027,-0.10136050030137016,0.9890645785596422],[1,12.47838809845719,3.776847801804816,-11.297854204058178]],[1,"Bip001 Head Socket",2,[-35],[0,"a60G3snhdLq5N4/D/uYKlB",null,null,null,1,0],[1,-0.0018537271297047989,0.398140356521443,0.027532896256695832],[3,0.4823256553361268,0.49813523524962317,0.5234755425608856,0.4951733090019743],[1,-106.90670669502988,-165.28201047836188,87.37294836014756]],[1,"Dummy002 Socket",2,[-36],[0,"3e9bCgkvBAZZSEV6nZql0+",null,null,null,1,0],[1,-0.1481929904330976,0.18055354177665356,-0.05465258155168938],[3,0.7230634721281042,-0.3675854643706842,-0.1040247555797781,0.5755336583415485],[1,95.08712744377321,-21.06069283418684,-40.64080117771223]],[1,"Bip001",5,[-37],[0,"88HU7WNQNIX6xwlL57HDLI",null,null,null,1,0],[1,-5.33773691913098e-9,0.185233414173126,0.00308884051628411],[3,0.40946585975226213,0.5076655873861485,0.576487436565012,-0.49221499018611675],[1,-90.00000635552601,-100.49998187701541,-8.729402343879485]],[15,"Bip001 Pelvis",11,[6],[0,"bfijOizH5LLoDNi/Z6EM4J",null,null,null,1,0],[3,0.5157782286572634,0.48522155076710255,0.5142670125372386,-0.483799860820947],[1,-93.4969694075144,-89.98974555988529,0.16780844790005792]],[1,"Bip001 Spine1",6,[7],[0,"31vdsHZNdOwKACkrUDrZ6C",null,null,null,1,0],[1,0.0662833005189896,-0.0000660419464111328,-2.22027303209416e-8],[3,-0.0003771987449769097,-0.006372649781767709,-0.08329767856019522,0.9965042618084219],[1,-0.10536301513396282,-0.7416102709975355,-9.55580645300047]],[1,"Bip001 L Clavicle",7,[-38],[0,"efHG3R2v5E9b6GG0dmIRKw",null,null,null,1,0],[1,-0.0181774515658617,0.00832205265760422,0.0298318360000849],[3,0.706413511838307,0.03130769376482684,0.687228087868426,0.16648523612652433],[1,168.47615061240674,-86.81344367211962,15.846377571582492]],[1,"Bip001 L UpperArm",14,[-39],[0,"d1QkxzrkFMj6WuElXr+8+E",null,null,null,1,0],[1,0.0388813354074955,-3.57627860658738e-9,7.10542719878232e-17],[3,0.20365555666722315,0.42840364748492143,-0.02720131922328686,0.879917505958764],[1,22.631561882679215,50.462375169098266,7.274533972006538]],[1,"Bip001 L Forearm",15,[4],[0,"45VZFNVR1NGKBDKcF5ZL7F",null,null,null,1,0],[1,0.101743429899216,-9.53674295089968e-9,-3.55271359939116e-17],[3,4.141751984612078e-18,2.7444814961169913e-17,-0.14922234155647982,0.9888036674590165],[1,9.823399879681234e-16,3.3288015762043706e-15,-17.163725628495204]],[3,"Bip001 L Finger0",4,[[2,"Bip001 L Finger01",-40,[0,"40OzKwPGlHFaSci7+cEOG4",null,null,null,1,0],[1,0.0208207312971354,-1.43051144263495e-8,4.76837147544984e-9],[3,1.757477353549704e-8,-3.2846710052039735e-8,0.4717691811656069,0.8817220875663326],[1,0.000006400510968147935,-0.000007693489397494446,56.298398647998035]]],[0,"83VKU4s+BO2LQMLNIG0/Xi",null,null,null,1,0],[1,0.0173563286662102,0.00211561191827059,-0.0253975763916969],[3,0.5460578118572452,0.2951466097389007,0.2478700390785869,0.7438210729715113],[1,67.14208680636837,13.470628407599527,43.7153552033834]],[3,"Bip001 L Finger1",4,[[2,"Bip001 L Finger11",-41,[0,"6bhydszVlB24XvHWzZAXlV",null,null,null,1,0],[1,0.0123886484652758,-1.43051144263495e-8,9.53674295089968e-9],[3,-5.776290491031189e-10,-2.4580834864471665e-8,0.5871891908362259,0.8094497230619687],[1,0.000005155602027451285,-0.000007219806005925127,71.9155946702854]]],[0,"63q4X7pYxGSZnD4CevWk7B",null,null,null,1,0],[1,0.0459478385746479,0.00128101347945631,-0.0214852821081877],[3,0.06272287654803924,0.1317307201489177,0.42765709676029345,0.8920887095559187],[1,-0.06974229497940829,16.83324283585707,51.21858678382821]],[3,"Bip001 L Finger2",4,[[2,"Bip001 L Finger21",-42,[0,"99/4hdEQRO3Z7mrEEg2a0B",null,null,null,1,0],[1,0.016605643555522,-4.76837147544984e-9,7.15255721317476e-9],[3,1.6403056398162583e-8,1.5633869031424698e-8,0.561539103506704,0.8274502010591858],[1,0.0000014872590551338506,0.0000011557859411908407,68.32460793783906]]],[0,"55frUJfhBIH6p9QMjWwmBA",null,null,null,1,0],[1,0.0475340150296688,-0.000539741478860378,-0.00699821952730417],[3,0.025371701338378166,0.062078802041862,0.4723799976099666,0.8788399381948067],[1,-1.4573422627400068,8.863340909194719,56.45404930165332]],[3,"Bip001 L Finger3",4,[[2,"Bip001 L Finger31",-43,[0,"cfFxedmkVORqdadolm8RSs",null,null,null,1,0],[1,0.0142769999802113,-9.53674295089968e-9,8.88178399847791e-18],[3,-1.2291616537018884e-8,4.3744634309423796e-9,0.5819153749533224,0.81324934453889],[1,-0.000004452918188557115,0.0000038026444934164083,71.17074595702604]]],[0,"067ftSV8lNiZFI5uWXOze9",null,null,null,1,0],[1,0.0483224652707577,0.00125642772763968,0.00621134275570512],[3,-0.0760434582080037,0.008960821832584773,0.42171714494648777,0.903488652830812],[1,-12.904209490514717,7.108469641867302,49.52334220720248]],[3,"Bip001 L Finger4",4,[[2,"Bip001 L Finger41",-44,[0,"9c60iUGo1Gt5Ok7H3U784x",null,null,null,1,0],[1,0.0114022446796298,9.53674295089968e-9,1.43051144263495e-8],[3,-1.0652114511359567e-9,-2.9009679352998274e-8,0.48147891892179606,0.8764576719008726],[1,0.000002784678085812731,-0.000005322593808887502,57.56407432165691]]],[0,"93JYhYZddOUrernNxKa5da",null,null,null,1,0],[1,0.0457701943814754,0.00529300700873137,0.0185003709048033],[3,-0.09596158578323329,-0.08404125285692318,0.49938634112038277,0.8569374097182376],[1,-9.469229050452123,-5.650295449353154,60.69366280680558]],[1,"Bip001 R Clavicle",7,[-45],[0,"e004Z4T15Lwo/26iiIozjF",null,null,null,1,0],[1,-0.0181774515658617,0.00832222402095795,-0.0298318266868591],[3,-0.6300047675221674,0.14619483144624992,0.7627034234761011,0.0021335359329826935],[1,-166.7333517194433,102.10123520809256,-10.425237644404687]],[1,"Bip001 R UpperArm",22,[-46],[0,"58ZNuNHvBDkLVqni3YyvVt",null,null,null,1,0],[1,0.0388813279569149,2.38418573772492e-9,0],[3,-0.1142221395199728,-0.37213969360931193,0.06632053875298907,0.9187311562276317],[1,-9.443042111313996,-43.11197529651106,11.93926277013884]],[1,"Bip001 R Forearm",23,[3],[0,"3cff1S+NRLmp8aglFvpQ0O",null,null,null,1,0],[1,0.101743429899216,-4.76837147544984e-9,-1.90734859017994e-8],[3,-2.510093976077023e-17,-9.131021179274701e-17,-0.120896012281735,0.9926651772951314],[1,-4.244307404702069e-15,-1.1057604936214095e-14,-13.887633603216324]],[3,"Bip001 R Finger0",3,[[2,"Bip001 R Finger01",-47,[0,"abKZlHd+tPVqUjjKwLdcOH",null,null,null,1,0],[1,0.0208207126706839,-2.38418573772492e-9,-1.77635679969558e-17],[3,1.5154318395610166e-8,-4.488517914878277e-9,0.47717981607349913,0.8788056799611966],[1,0.00000325291138274067,-0.0000023515664134005184,57.002745547622936]]],[0,"c2xZYAuWdD06Vz8i7g8PqB",null,null,null,1,0],[1,0.0173563100397587,0.00211559282615781,0.0253975782543421],[3,-0.6858700533658382,-0.3229400524887903,0.06109472009311928,0.6492760796234706],[1,-86.52420199765557,-23.17191169613483,31.488304103009973]],[3,"Bip001 R Finger1",3,[[2,"Bip001 R Finger11",-48,[0,"13Q0icV+9NO5CsMx/JqmTr",null,null,null,1,0],[1,0.0123886484652758,-1.90734859017994e-8,-8.88178399847791e-18],[3,8.781563197326402e-10,-8.704798603143976e-9,0.5144655671093913,0.8575110379807436],[1,0.0000012737020100042172,-0.0000019274064083655027,61.92347887354179]]],[0,"12/xwNTWhJL4mLHpt5WZDQ",null,null,null,1,0],[1,0.045947827398777,0.00128103257156909,0.0214852727949619],[3,-0.061897560416977006,-0.13212051873000247,0.4220679961772824,0.8947465938173977],[1,0.0686789628079953,-16.831870570110773,50.50172014095799]],[3,"Bip001 R Finger2",3,[[2,"Bip001 R Finger21",-49,[0,"fbt2QK/81KkatXxdyj9IZg",null,null,null,1,0],[1,0.0166056621819735,-2.8610228852699e-8,1.19209282445354e-8],[3,7.621502346938036e-10,-1.4294995463619024e-8,0.5651857278241516,0.8249636919670369],[1,0.0000027631911654472238,-0.000003878718612184043,68.8303791482051]]],[0,"8fifDIep1AF7xpvytmgDej",null,null,null,1,0],[1,0.0475340075790882,-0.00053972244495526,0.00699821440503001],[3,-0.02115074233587262,-0.06364076022976771,0.4123696505687953,0.9085448646191272],[1,1.2217253214378427,-8.567452567092628,48.764335671225076]],[3,"Bip001 R Finger3",3,[[2,"Bip001 R Finger31",-50,[0,"01/LGFCSFL3Ie4HXaEvQ2K",null,null,null,1,0],[1,0.0142769813537598,9.53674295089968e-9,2.38418573772492e-9],[3,6.027719441569656e-9,-9.410987208864838e-9,0.5393512056459384,0.8420809206770288],[1,0.000002781665263746331,-0.0000030623116456205335,65.27896703804224]]],[0,"b8rDqT8mZGKoij3GmXL9GK",null,null,null,1,0],[1,0.0483224652707577,0.00125642772763968,-0.00621132832020521],[3,0.07640349856745544,-0.005040915677492358,0.37472698052173525,0.9239679565032807],[1,11.579872546509373,-5.289454583551459,43.7649215489721]],[3,"Bip001 R Finger4",3,[[2,"Bip001 R Finger41",-51,[0,"a16viy11RDcLPG0rE/DrwO",null,null,null,1,0],[1,0.0114022251218557,-1.90734859017994e-8,8.88178399847791e-18],[3,-3.3225642287444284e-8,2.5058914645814004e-9,0.3786801054854385,0.9255276212569434],[1,-0.000005093324618953432,0.000002394196199832736,44.503898586121466]]],[0,"35HgMAVk1HKIx9nxoSWL8t",null,null,null,1,0],[1,0.0457701869308949,0.00529302563518286,-0.0185003615915775],[3,0.08578144835039331,0.09440923565933229,0.39869127031205454,0.9081705293159923],[1,6.880284870594119,8.82065258470213,47.76178814997586]],[1,"Bone001",8,[-52],[0,"14KsQZ805MuqOR/cMLtek2",null,null,null,1,0],[1,0.294688373804092,-0.0585864819586277,-0.0957831516861916],[3,-0.3241100300256112,0.46548572024340645,-0.1881634288587162,0.8017919036298666],[1,-25.60197623193476,51.55027078217466,-37.11904065143014]],[1,"Bone002",30,[-53],[0,"121QzAuNVBq4kXi6TkH8BS",null,null,null,1,0],[1,0.0942807719111443,-7.15255721317476e-9,0],[3,-0.0007401633879674925,0.5844190203455569,0.006997821485998439,0.8114215250478315],[1,-0.5374998918919991,71.52877717067113,0.6011145056125025]],[1,"Bone003",31,[-54],[0,"3dhpG7FLhHU7fhB8EfiduP",null,null,null,1,0],[1,0.0582422614097595,1.43051144263495e-8,0],[3,-0.6234356262923071,0.2085479530688853,0.37471819512927507,0.6537752254248821],[1,-93.42677773474786,49.48911104223326,13.292979881461475]],[1,"Bone004",32,[-55],[0,"b8w69/zQ5Mu6aJ7uxPOnrD",null,null,null,1,0],[1,0.0799597129225731,3.81469718035987e-8,1.90734859017994e-8],[3,0.23706631470094386,-0.005805086370842478,-0.07505676929464684,0.9685723229523906],[1,27.61155078880962,1.4103733913919787,-8.519627237498556]],[3,"Bone005",33,[[6,"Bone006",-56,[0,"74RcOOVKpPPo3ySxDNsPuP",null,null,null,1,0],[1,0.0949970409274101,3.81469718035987e-8,0],[1,2.1344216478558687e-7,-0.000005122641444954277,-0.000013660376721123104]]],[0,"e64xEeUZ9CnbkYZ5C1hHqW",null,null,null,1,0],[1,0.0957527160644531,-5.72204577053981e-8,-3.81469718035987e-8],[3,0.41851928801278987,-0.11926612994788992,-0.19865189479000273,0.8781540983818629],[1,50.30747658287531,-2.7700365160429152,-26.661865953050025]],[16,"Bone007",8,[-57],[0,"38LLUsfjJB765YKlTueC6+",null,null,null,1,0],[1,0.294688373804092,-0.0585867092013359,0.095783069729805],[3,-0.46548515931519796,-0.32411125562222715,0.8017914955539406,0.18816444428654266],[1,-1,-1,-1],[1,154.39788806787845,128.4498521666241,37.11920247868431]],[1,"Bone008",35,[-58],[0,"45y+QrANBMMqNjpoKsaiHF",null,null,null,1,0],[1,0.0942807719111443,0,3.81469718035987e-8],[3,-0.0007401046309557999,0.5844190598292882,0.006997769556669199,0.811421497111469],[1,-0.5374909791826391,71.52878266204058,0.6011135862425706]],[1,"Bone009",36,[-59],[0,"34d/DZ99BB5J1KHGP5w6AD",null,null,null,1,0],[1,0.0582422614097595,2.8610228852699e-8,-7.62939436071974e-8],[3,-0.6226409063984667,0.191988437946654,0.3710001400914688,0.6616778955248621],[1,-92.99982889525863,47.72512417821825,14.589112906484381]],[1,"Bone010",37,[-60],[0,"cbwPXM4jVL14N6HhKAw8CD",null,null,null,1,0],[1,0.0799595639109612,-1.90734859017994e-8,1.90734859017994e-8],[3,0.23630435438129815,-0.01725905737264316,-0.08272050951809942,0.967997776001635],[1,27.465074398363615,0.3302080196234454,-9.689185088611179]],[3,"Bone011",38,[[6,"Bone012",-61,[0,"284UGxYrBFXoW0myuUeGrb",null,null,null,1,0],[1,0.0949970409274101,2.8610228852699e-8,3.81469718035987e-8],[1,7.603896219715473e-7,-0.000008537735540652396,-0.000016221697706989615]]],[0,"2ccH0doH5G06YKMqHZhBX9",null,null,null,1,0],[1,0.0957527533173561,-3.81469718035987e-8,-7.62939436071974e-8],[3,0.41848968927327257,-0.11910272983241728,-0.19040204342458256,0.8800158984803451],[1,50.134475840589786,-3.199569065301116,-25.772579668534085]],[1,"Bip001 L Thigh",6,[-62],[0,"dbSUbfl2lDUZrUTB2nyeOV",null,null,null,1,0],[1,-0.0460067540407181,-0.00446621654555202,0.0521033070981503],[3,0.38403112554054714,0.9021412931728536,0.15767290050318306,-0.11747526639844337],[1,-29.76115561217545,-153.81908803848273,40.98453825730279]],[1,"Bip001 L Calf",40,[-63],[0,"3bVlXW++FDcLi92jGgfkaY",null,null,null,1,0],[1,0.0757822766900063,-1.77635679969558e-17,0],[3,1.798719159777913e-17,2.224817270855386e-17,-0.42133001161341005,0.906907394012114],[1,4.563773464553593e-15,4.931382798846332e-15,-49.83717038418197]],[1,"Bip001 L Foot",41,[-64],[0,"8bOM3koutG8KQrCmG2MQ5A",null,null,null,1,0],[1,0.0684369206428528,9.53674295089968e-9,8.88178399847791e-18],[3,-0.000231780229629709,-0.07603621529586316,0.11526122015036737,0.9904207648120342],[1,1.004569482289044,-8.89